Split-CP calibrated on fake, tested on real — naive vs surrogate
========================================================================
n_cal=400  n_tune=100  n_test_syn=400  n_test_real=51
noise proxy source: gp_residual_svgp
weights: ESS=288.8 of n_cal=400, clipped to [0.05, 20], 0.0% clipped
v_c median (cal): log10_P=0.0409  log10_K=0.0494  e=0.0822  omega=0.293
noise filter (Assumption 2.1): bound=6.29 rv_std units, rejected 48.0% of 2500 draws
naive_adj Delta_c (max |theta_bar - theta*| on tune): log10_P=0.538  log10_K=1.26  e=0.867  omega=2.47
Assumption 2.3 constants (25 draws): kappa(H) med=2e+04 max=8.8e+07; ||grad h|| med=172 max=4.2e+04

##### STRATEGY: naive (gamma_vnorm=6.13, gamma_v2norm=9.061, gamma_papernorm=0.1304) #####
calibration score median per coord: log10_P=0.209  log10_K=0.0951  e=0.171  omega=1.71
[raw | synthetic_unweighted]
   1-alpha    joint    log10_P    log10_K          e      omega   %inf
      0.95    0.945      0.998      0.980      0.980      0.978   0.00
      0.90    0.902      0.973      0.963      0.978      0.970   0.00
      0.85    0.863      0.963      0.950      0.973      0.953   0.00
      0.80    0.840      0.958      0.938      0.965      0.940   0.00
      0.70    0.782      0.953      0.900      0.953      0.920   0.00
      0.68    0.765      0.943      0.892      0.945      0.920   0.00
      0.60    0.703      0.915      0.865      0.927      0.900   0.00
  median width @ 1-alpha=0.90: log10_P=2.54  log10_K=1.31  e=0.887  omega=6.08
[raw | real_unweighted]
   1-alpha    joint    log10_P    log10_K          e      omega   %inf
      0.95    0.980      1.000      1.000      1.000      0.980   0.00
      0.90    0.961      1.000      1.000      1.000      0.961   0.00
      0.85    0.922      1.000      1.000      1.000      0.922   0.00
      0.80    0.922      1.000      1.000      1.000      0.922   0.00
      0.70    0.882      1.000      0.961      0.980      0.922   0.00
      0.68    0.863      1.000      0.941      0.980      0.922   0.00
      0.60    0.804      0.980      0.922      0.980      0.902   0.00
  median width @ 1-alpha=0.90: log10_P=2.39  log10_K=1.32  e=0.829  omega=6.08
[raw | real_weighted]
   1-alpha    joint    log10_P    log10_K          e      omega   %inf
      0.95    1.000      1.000      1.000      1.000      1.000   0.00
      0.90    0.961      1.000      1.000      1.000      0.961   0.00
      0.85    0.941      1.000      1.000      1.000      0.941   0.00
      0.80    0.882      1.000      0.980      0.980      0.922   0.00
      0.70    0.843      1.000      0.922      0.980      0.922   0.00
      0.68    0.824      0.980      0.922      0.980      0.922   0.00
      0.60    0.804      0.961      0.922      0.980      0.922   0.00
  median width @ 1-alpha=0.90: log10_P=2.32  log10_K=1.3  e=0.822  omega=6.1
[vnorm | synthetic_unweighted]
   1-alpha    joint    log10_P    log10_K          e      omega   %inf
      0.95    0.950      0.998      0.980      0.980      0.980   0.00
      0.90    0.910      0.973      0.965      0.980      0.970   0.00
      0.85    0.887      0.968      0.960      0.975      0.963   0.00
      0.80    0.840      0.958      0.935      0.968      0.950   0.00
      0.70    0.785      0.950      0.900      0.955      0.935   0.00
      0.68    0.780      0.948      0.892      0.955      0.935   0.00
      0.60    0.715      0.925      0.865      0.930      0.912   0.00
  median width @ 1-alpha=0.90: log10_P=2.45  log10_K=1.31  e=0.873  omega=6.06
[vnorm | real_unweighted]
   1-alpha    joint    log10_P    log10_K          e      omega   %inf
      0.95    0.980      1.000      1.000      1.000      0.980   0.00
      0.90    0.980      1.000      1.000      1.000      0.980   0.00
      0.85    0.961      1.000      1.000      1.000      0.961   0.00
      0.80    0.941      1.000      1.000      0.980      0.961   0.00
      0.70    0.922      1.000      0.980      0.980      0.941   0.00
      0.68    0.902      1.000      0.961      0.980      0.941   0.00
      0.60    0.843      0.980      0.941      0.980      0.922   0.00
  median width @ 1-alpha=0.90: log10_P=2.34  log10_K=1.33  e=0.817  omega=6.04
[vnorm | real_weighted]
   1-alpha    joint    log10_P    log10_K          e      omega   %inf
      0.95    1.000      1.000      1.000      1.000      1.000   0.00
      0.90    0.980      1.000      1.000      1.000      0.980   0.00
      0.85    0.961      1.000      1.000      1.000      0.961   0.00
      0.80    0.941      1.000      1.000      0.980      0.961   0.00
      0.70    0.863      0.980      0.941      0.980      0.941   0.00
      0.68    0.863      0.980      0.941      0.980      0.941   0.00
      0.60    0.843      0.961      0.941      0.980      0.941   0.00
  median width @ 1-alpha=0.90: log10_P=2.34  log10_K=1.3  e=0.815  omega=6.1
[v2norm | synthetic_unweighted]
   1-alpha    joint    log10_P    log10_K          e      omega   %inf
      0.95    0.955      0.998      0.983      0.980      0.985   0.00
      0.90    0.900      0.973      0.965      0.980      0.960   0.00
      0.85    0.875      0.968      0.950      0.978      0.958   0.00
      0.80    0.838      0.958      0.935      0.968      0.945   0.00
      0.70    0.777      0.950      0.902      0.953      0.922   0.00
      0.68    0.765      0.945      0.892      0.953      0.920   0.00
      0.60    0.710      0.925      0.865      0.930      0.912   0.00
  median width @ 1-alpha=0.90: log10_P=2.47  log10_K=1.3  e=0.873  omega=6.05
[v2norm | real_unweighted]
   1-alpha    joint    log10_P    log10_K          e      omega   %inf
      0.95    1.000      1.000      1.000      1.000      1.000   0.00
      0.90    0.961      1.000      1.000      1.000      0.961   0.00
      0.85    0.961      1.000      1.000      1.000      0.961   0.00
      0.80    0.941      1.000      1.000      0.980      0.961   0.00
      0.70    0.902      1.000      0.980      0.980      0.922   0.00
      0.68    0.863      1.000      0.941      0.980      0.922   0.00
      0.60    0.843      0.980      0.941      0.980      0.922   0.00
  median width @ 1-alpha=0.90: log10_P=2.35  log10_K=1.3  e=0.825  omega=6.05
[v2norm | real_weighted]
   1-alpha    joint    log10_P    log10_K          e      omega   %inf
      0.95    1.000      1.000      1.000      1.000      1.000   0.00
      0.90    0.961      1.000      1.000      1.000      0.961   0.00
      0.85    0.961      1.000      1.000      1.000      0.961   0.00
      0.80    0.941      1.000      1.000      0.980      0.961   0.00
      0.70    0.863      0.980      0.941      0.980      0.941   0.00
      0.68    0.863      0.980      0.941      0.980      0.941   0.00
      0.60    0.804      0.961      0.922      0.980      0.922   0.00
  median width @ 1-alpha=0.90: log10_P=2.35  log10_K=1.31  e=0.822  omega=6.1
[papernorm | synthetic_unweighted]
   1-alpha    joint    log10_P    log10_K          e      omega   %inf
      0.95    0.968      0.990      0.993      0.995      0.990   0.00
      0.90    0.938      0.980      0.983      0.985      0.990   0.00
      0.85    0.868      0.975      0.938      0.968      0.978   0.00
      0.80    0.840      0.975      0.920      0.955      0.973   0.00
      0.70    0.780      0.940      0.900      0.940      0.958   0.00
      0.68    0.777      0.938      0.897      0.938      0.958   0.00
      0.60    0.720      0.910      0.885      0.927      0.927   0.00
  median width @ 1-alpha=0.90: log10_P=2.51  log10_K=1.3  e=0.883  omega=6.28
[papernorm | real_unweighted]
   1-alpha    joint    log10_P    log10_K          e      omega   %inf
      0.95    1.000      1.000      1.000      1.000      1.000   0.00
      0.90    0.980      1.000      1.000      0.980      1.000   0.00
      0.85    0.941      1.000      0.980      0.961      1.000   0.00
      0.80    0.922      1.000      0.980      0.922      1.000   0.00
      0.70    0.882      1.000      0.961      0.922      0.980   0.00
      0.68    0.863      1.000      0.941      0.902      0.980   0.00
      0.60    0.745      0.980      0.882      0.882      0.941   0.00
  median width @ 1-alpha=0.90: log10_P=2.27  log10_K=1.32  e=0.749  omega=6.28
[papernorm | real_weighted]
   1-alpha    joint    log10_P    log10_K          e      omega   %inf
      0.95    1.000      1.000      1.000      1.000      1.000   0.00
      0.90    1.000      1.000      1.000      1.000      1.000   0.00
      0.85    0.961      1.000      0.980      0.980      1.000   0.00
      0.80    0.922      1.000      0.961      0.961      1.000   0.00
      0.70    0.843      1.000      0.902      0.922      0.980   0.00
      0.68    0.843      1.000      0.902      0.922      0.980   0.00
      0.60    0.784      0.980      0.863      0.882      0.980   0.00
  median width @ 1-alpha=0.90: log10_P=2.19  log10_K=0.995  e=0.841  omega=6.28

##### STRATEGY: naive_adj (gamma_vnorm=0.613, gamma_v2norm=0.9061, gamma_papernorm=0.1304) #####
calibration score median per coord: log10_P=0.747  log10_K=1.35  e=1.04  omega=4.18
[raw | synthetic_unweighted]
   1-alpha    joint    log10_P    log10_K          e      omega   %inf
      0.95    0.998      0.998      1.000      1.000      1.000   0.00
      0.90    0.998      0.998      1.000      1.000      1.000   0.00
      0.85    0.998      0.998      1.000      1.000      1.000   0.00
      0.80    0.983      0.983      1.000      1.000      1.000   0.00
      0.70    0.970      0.970      1.000      1.000      1.000   0.00
      0.68    0.965      0.968      0.998      1.000      1.000   0.00
      0.60    0.958      0.960      0.998      1.000      1.000   0.00
  median width @ 1-alpha=0.90: log10_P=3.08  log10_K=1.7  e=0.952  omega=6.28
[raw | real_unweighted]
   1-alpha    joint    log10_P    log10_K          e      omega   %inf
      0.95    1.000      1.000      1.000      1.000      1.000   0.00
      0.90    1.000      1.000      1.000      1.000      1.000   0.00
      0.85    1.000      1.000      1.000      1.000      1.000   0.00
      0.80    1.000      1.000      1.000      1.000      1.000   0.00
      0.70    1.000      1.000      1.000      1.000      1.000   0.00
      0.68    1.000      1.000      1.000      1.000      1.000   0.00
      0.60    1.000      1.000      1.000      1.000      1.000   0.00
  median width @ 1-alpha=0.90: log10_P=2.93  log10_K=1.7  e=0.952  omega=6.28
[raw | real_weighted]
   1-alpha    joint    log10_P    log10_K          e      omega   %inf
      0.95    1.000      1.000      1.000      1.000      1.000   0.00
      0.90    1.000      1.000      1.000      1.000      1.000   0.00
      0.85    1.000      1.000      1.000      1.000      1.000   0.00
      0.80    1.000      1.000      1.000      1.000      1.000   0.00
      0.70    1.000      1.000      1.000      1.000      1.000   0.00
      0.68    1.000      1.000      1.000      1.000      1.000   0.00
      0.60    1.000      1.000      1.000      1.000      1.000   0.00
  median width @ 1-alpha=0.90: log10_P=2.86  log10_K=1.7  e=0.952  omega=6.28
[vnorm | synthetic_unweighted]
   1-alpha    joint    log10_P    log10_K          e      omega   %inf
      0.95    0.995      0.995      1.000      1.000      1.000   0.00
      0.90    0.993      0.993      1.000      1.000      1.000   0.00
      0.85    0.993      0.993      1.000      1.000      1.000   0.00
      0.80    0.993      0.993      1.000      1.000      1.000   0.00
      0.70    0.988      0.988      1.000      1.000      1.000   0.00
      0.68    0.985      0.985      1.000      1.000      1.000   0.00
      0.60    0.980      0.980      1.000      1.000      1.000   0.00
  median width @ 1-alpha=0.90: log10_P=2.77  log10_K=1.7  e=0.952  omega=6.28
[vnorm | real_unweighted]
   1-alpha    joint    log10_P    log10_K          e      omega   %inf
      0.95    1.000      1.000      1.000      1.000      1.000   0.00
      0.90    1.000      1.000      1.000      1.000      1.000   0.00
      0.85    1.000      1.000      1.000      1.000      1.000   0.00
      0.80    1.000      1.000      1.000      1.000      1.000   0.00
      0.70    1.000      1.000      1.000      1.000      1.000   0.00
      0.68    1.000      1.000      1.000      1.000      1.000   0.00
      0.60    1.000      1.000      1.000      1.000      1.000   0.00
  median width @ 1-alpha=0.90: log10_P=2.65  log10_K=1.7  e=0.952  omega=6.28
[vnorm | real_weighted]
   1-alpha    joint    log10_P    log10_K          e      omega   %inf
      0.95    1.000      1.000      1.000      1.000      1.000   0.00
      0.90    1.000      1.000      1.000      1.000      1.000   0.00
      0.85    1.000      1.000      1.000      1.000      1.000   0.00
      0.80    1.000      1.000      1.000      1.000      1.000   0.00
      0.70    1.000      1.000      1.000      1.000      1.000   0.00
      0.68    1.000      1.000      1.000      1.000      1.000   0.00
      0.60    1.000      1.000      1.000      1.000      1.000   0.00
  median width @ 1-alpha=0.90: log10_P=2.71  log10_K=1.7  e=0.952  omega=6.28
[v2norm | synthetic_unweighted]
   1-alpha    joint    log10_P    log10_K          e      omega   %inf
      0.95    0.998      0.998      1.000      1.000      1.000   0.00
      0.90    0.993      0.993      1.000      1.000      1.000   0.00
      0.85    0.993      0.993      1.000      1.000      1.000   0.00
      0.80    0.993      0.993      1.000      1.000      1.000   0.00
      0.70    0.988      0.988      1.000      1.000      1.000   0.00
      0.68    0.983      0.983      1.000      1.000      1.000   0.00
      0.60    0.980      0.980      1.000      1.000      1.000   0.00
  median width @ 1-alpha=0.90: log10_P=2.76  log10_K=1.7  e=0.952  omega=6.28
[v2norm | real_unweighted]
   1-alpha    joint    log10_P    log10_K          e      omega   %inf
      0.95    1.000      1.000      1.000      1.000      1.000   0.00
      0.90    1.000      1.000      1.000      1.000      1.000   0.00
      0.85    1.000      1.000      1.000      1.000      1.000   0.00
      0.80    1.000      1.000      1.000      1.000      1.000   0.00
      0.70    1.000      1.000      1.000      1.000      1.000   0.00
      0.68    1.000      1.000      1.000      1.000      1.000   0.00
      0.60    1.000      1.000      1.000      1.000      1.000   0.00
  median width @ 1-alpha=0.90: log10_P=2.71  log10_K=1.7  e=0.952  omega=6.28
[v2norm | real_weighted]
   1-alpha    joint    log10_P    log10_K          e      omega   %inf
      0.95    1.000      1.000      1.000      1.000      1.000   0.00
      0.90    1.000      1.000      1.000      1.000      1.000   0.00
      0.85    1.000      1.000      1.000      1.000      1.000   0.00
      0.80    1.000      1.000      1.000      1.000      1.000   0.00
      0.70    1.000      1.000      1.000      1.000      1.000   0.00
      0.68    1.000      1.000      1.000      1.000      1.000   0.00
      0.60    1.000      1.000      1.000      1.000      1.000   0.00
  median width @ 1-alpha=0.90: log10_P=2.71  log10_K=1.7  e=0.952  omega=6.28
[papernorm | synthetic_unweighted]
   1-alpha    joint    log10_P    log10_K          e      omega   %inf
      0.95    0.993      0.993      1.000      1.000      1.000   0.00
      0.90    0.993      0.993      1.000      1.000      1.000   0.00
      0.85    0.990      0.990      1.000      1.000      1.000   0.00
      0.80    0.988      0.988      1.000      1.000      1.000   0.00
      0.70    0.980      0.980      1.000      1.000      1.000   0.00
      0.68    0.978      0.978      1.000      1.000      1.000   0.00
      0.60    0.978      0.978      1.000      1.000      1.000   0.00
  median width @ 1-alpha=0.90: log10_P=3.28  log10_K=1.7  e=0.952  omega=6.28
[papernorm | real_unweighted]
   1-alpha    joint    log10_P    log10_K          e      omega   %inf
      0.95    1.000      1.000      1.000      1.000      1.000   0.00
      0.90    1.000      1.000      1.000      1.000      1.000   0.00
      0.85    1.000      1.000      1.000      1.000      1.000   0.00
      0.80    1.000      1.000      1.000      1.000      1.000   0.00
      0.70    1.000      1.000      1.000      1.000      1.000   0.00
      0.68    1.000      1.000      1.000      1.000      1.000   0.00
      0.60    1.000      1.000      1.000      1.000      1.000   0.00
  median width @ 1-alpha=0.90: log10_P=3.05  log10_K=1.7  e=0.952  omega=6.28
[papernorm | real_weighted]
   1-alpha    joint    log10_P    log10_K          e      omega   %inf
      0.95    1.000      1.000      1.000      1.000      1.000   0.00
      0.90    1.000      1.000      1.000      1.000      1.000   0.00
      0.85    1.000      1.000      1.000      1.000      1.000   0.00
      0.80    1.000      1.000      1.000      1.000      1.000   0.00
      0.70    1.000      1.000      1.000      1.000      1.000   0.00
      0.68    1.000      1.000      1.000      1.000      1.000   0.00
      0.60    1.000      1.000      1.000      1.000      1.000   0.00
  median width @ 1-alpha=0.90: log10_P=2.9  log10_K=1.7  e=0.952  omega=6.28

##### STRATEGY: surrogate (gamma_vnorm=0.613, gamma_v2norm=0.9061, gamma_papernorm=0.1304) #####
calibration score median per coord: log10_P=0.203  log10_K=0.0879  e=0.172  omega=1.7
[raw | synthetic_unweighted]
   1-alpha    joint    log10_P    log10_K          e      omega   %inf
      0.95    0.943      0.985      0.980      0.985      0.983   0.00
      0.90    0.902      0.975      0.950      0.978      0.978   0.00
      0.85    0.870      0.958      0.943      0.973      0.973   0.00
      0.80    0.840      0.955      0.922      0.968      0.953   0.00
      0.70    0.785      0.945      0.895      0.963      0.927   0.00
      0.68    0.772      0.940      0.892      0.955      0.920   0.00
      0.60    0.720      0.915      0.865      0.943      0.907   0.00
  median width @ 1-alpha=0.90: log10_P=2.55  log10_K=1.27  e=0.883  omega=6.14
[raw | real_unweighted]
   1-alpha    joint    log10_P    log10_K          e      omega   %inf
      0.95    1.000      1.000      1.000      1.000      1.000   0.00
      0.90    0.980      1.000      1.000      1.000      0.980   0.00
      0.85    0.961      1.000      1.000      1.000      0.961   0.00
      0.80    0.902      1.000      0.980      1.000      0.922   0.00
      0.70    0.882      1.000      0.961      0.980      0.922   0.00
      0.68    0.863      1.000      0.941      0.980      0.922   0.00
      0.60    0.804      0.980      0.922      0.980      0.902   0.00
  median width @ 1-alpha=0.90: log10_P=2.4  log10_K=1.28  e=0.826  omega=6.14
[raw | real_weighted]
   1-alpha    joint    log10_P    log10_K          e      omega   %inf
      0.95    1.000      1.000      1.000      1.000      1.000   0.00
      0.90    0.980      1.000      1.000      1.000      0.980   0.00
      0.85    0.961      1.000      1.000      1.000      0.961   0.00
      0.80    0.902      1.000      0.980      1.000      0.922   0.00
      0.70    0.863      1.000      0.941      0.980      0.922   0.00
      0.68    0.843      1.000      0.922      0.980      0.922   0.00
      0.60    0.765      0.961      0.922      0.980      0.882   0.00
  median width @ 1-alpha=0.90: log10_P=2.35  log10_K=1.29  e=0.841  omega=6.14
[vnorm | synthetic_unweighted]
   1-alpha    joint    log10_P    log10_K          e      omega   %inf
      0.95    0.955      0.993      0.973      0.985      0.985   0.00
      0.90    0.912      0.985      0.953      0.978      0.973   0.00
      0.85    0.882      0.978      0.948      0.968      0.965   0.00
      0.80    0.853      0.970      0.945      0.965      0.948   0.00
      0.70    0.770      0.945      0.890      0.950      0.935   0.00
      0.68    0.767      0.945      0.887      0.950      0.935   0.00
      0.60    0.708      0.920      0.875      0.938      0.907   0.00
  median width @ 1-alpha=0.90: log10_P=2.29  log10_K=1.16  e=0.822  omega=6.28
[vnorm | real_unweighted]
   1-alpha    joint    log10_P    log10_K          e      omega   %inf
      0.95    1.000      1.000      1.000      1.000      1.000   0.00
      0.90    1.000      1.000      1.000      1.000      1.000   0.00
      0.85    0.980      1.000      1.000      0.980      1.000   0.00
      0.80    0.961      0.980      0.980      0.980      1.000   0.00
      0.70    0.882      0.941      0.961      0.980      0.961   0.00
      0.68    0.882      0.941      0.961      0.980      0.961   0.00
      0.60    0.863      0.922      0.961      0.961      0.961   0.00
  median width @ 1-alpha=0.90: log10_P=2.22  log10_K=1.13  e=0.71  omega=6.28
[vnorm | real_weighted]
   1-alpha    joint    log10_P    log10_K          e      omega   %inf
      0.95    1.000      1.000      1.000      1.000      1.000   0.00
      0.90    1.000      1.000      1.000      1.000      1.000   0.00
      0.85    0.961      0.980      1.000      0.980      1.000   0.00
      0.80    0.922      0.961      0.980      0.980      0.980   0.00
      0.70    0.882      0.941      0.961      0.980      0.961   0.00
      0.68    0.863      0.922      0.961      0.980      0.961   0.00
      0.60    0.863      0.922      0.961      0.961      0.961   0.00
  median width @ 1-alpha=0.90: log10_P=2.2  log10_K=1.13  e=0.722  omega=6.28
[v2norm | synthetic_unweighted]
   1-alpha    joint    log10_P    log10_K          e      omega   %inf
      0.95    0.940      0.993      0.975      0.985      0.970   0.00
      0.90    0.902      0.990      0.955      0.978      0.960   0.00
      0.85    0.868      0.973      0.953      0.965      0.955   0.00
      0.80    0.840      0.965      0.938      0.960      0.953   0.00
      0.70    0.752      0.948      0.895      0.950      0.915   0.00
      0.68    0.740      0.948      0.885      0.950      0.910   0.00
      0.60    0.690      0.915      0.870      0.935      0.907   0.00
  median width @ 1-alpha=0.90: log10_P=2.36  log10_K=1.14  e=0.812  omega=6.28
[v2norm | real_unweighted]
   1-alpha    joint    log10_P    log10_K          e      omega   %inf
      0.95    1.000      1.000      1.000      1.000      1.000   0.00
      0.90    1.000      1.000      1.000      1.000      1.000   0.00
      0.85    0.961      1.000      1.000      0.980      0.980   0.00
      0.80    0.941      1.000      0.961      0.980      0.980   0.00
      0.70    0.902      0.961      0.961      0.980      0.980   0.00
      0.68    0.902      0.961      0.961      0.980      0.980   0.00
      0.60    0.902      0.961      0.961      0.961      0.980   0.00
  median width @ 1-alpha=0.90: log10_P=2.32  log10_K=1.12  e=0.706  omega=6.28
[v2norm | real_weighted]
   1-alpha    joint    log10_P    log10_K          e      omega   %inf
      0.95    1.000      1.000      1.000      1.000      1.000   0.00
      0.90    1.000      1.000      1.000      1.000      1.000   0.00
      0.85    0.961      1.000      1.000      0.980      0.980   0.00
      0.80    0.941      0.980      0.980      0.980      0.980   0.00
      0.70    0.902      0.961      0.961      0.980      0.980   0.00
      0.68    0.902      0.961      0.961      0.980      0.980   0.00
      0.60    0.863      0.922      0.961      0.961      0.980   0.00
  median width @ 1-alpha=0.90: log10_P=2.33  log10_K=1.12  e=0.721  omega=6.28
[papernorm | synthetic_unweighted]
   1-alpha    joint    log10_P    log10_K          e      omega   %inf
      0.95    0.963      0.990      0.988      0.995      0.990   0.00
      0.90    0.925      0.978      0.970      0.993      0.985   0.00
      0.85    0.885      0.975      0.948      0.985      0.975   0.00
      0.80    0.870      0.975      0.935      0.983      0.973   0.00
      0.70    0.812      0.945      0.910      0.968      0.960   0.00
      0.68    0.800      0.940      0.902      0.965      0.958   0.00
      0.60    0.748      0.917      0.885      0.955      0.935   0.00
  median width @ 1-alpha=0.90: log10_P=2.43  log10_K=1.16  e=0.952  omega=6.28
[papernorm | real_unweighted]
   1-alpha    joint    log10_P    log10_K          e      omega   %inf
      0.95    1.000      1.000      1.000      1.000      1.000   0.00
      0.90    1.000      1.000      1.000      1.000      1.000   0.00
      0.85    0.961      1.000      0.980      0.980      1.000   0.00
      0.80    0.961      1.000      0.980      0.980      1.000   0.00
      0.70    0.902      1.000      0.961      0.961      0.980   0.00
      0.68    0.902      1.000      0.961      0.961      0.980   0.00
      0.60    0.784      0.980      0.902      0.922      0.941   0.00
  median width @ 1-alpha=0.90: log10_P=2.2  log10_K=1.19  e=0.887  omega=6.28
[papernorm | real_weighted]
   1-alpha    joint    log10_P    log10_K          e      omega   %inf
      0.95    1.000      1.000      1.000      1.000      1.000   0.00
      0.90    1.000      1.000      1.000      1.000      1.000   0.00
      0.85    0.961      1.000      0.980      0.980      1.000   0.00
      0.80    0.961      1.000      0.980      0.980      1.000   0.00
      0.70    0.902      1.000      0.961      0.961      0.980   0.00
      0.68    0.902      1.000      0.941      0.961      0.980   0.00
      0.60    0.804      0.980      0.863      0.941      0.980   0.00
  median width @ 1-alpha=0.90: log10_P=2.16  log10_K=1.14  e=0.902  omega=6.28

